malhar 111111 -79.45 5805 123457
malhar 111111 -79.45 5805 123457
shovo 111112 1005 5805 123333457
siva 111113 105430 5805 123457
rahul 111114 1.00294e+06 5805 123457
malhar1 111115 -31932 5805 123457
kimia 111116 1.00333e+06 5805 123457
kimia1 111117 20 5805 123457
kimia2 111118 1.00325e+06 5805 123457
kimia3 111119 1100 5805 123457
malhar 111120 48900 5805 123457
kimia 111121 1.00325e+06 5805 123457
kimia1 111122 100 5805 123457
kimia2 111123 1.00333e+06 5805 123457
kimia3 111124 100 5805 123457
malhar 111125 100 5805 123457
kimia 111126 1.00333e+06 5805 123457
kimia1 111127 100 5805 123457
kimia2 111128 1.00333e+06 5805 123457
kimia3 111129 100 5805 123457
kimia3 111129 100 5805 123457
